0.000000000000000000e+00 4.000000000000000000e+01 2.000000000000000000e+01
4.100000000000000000e+01 8.000000000000000000e+01 6.050000000000000000e+01
8.100000000000000000e+01 1.250000000000000000e+02 1.030000000000000000e+02
1.260000000000000000e+02 1.750000000000000000e+02 1.505000000000000000e+02
1.760000000000000000e+02 2.250000000000000000e+02 2.005000000000000000e+02
2.260000000000000000e+02 2.750000000000000000e+02 2.505000000000000000e+02
2.760000000000000000e+02 3.250000000000000000e+02 3.005000000000000000e+02
3.260000000000000000e+02 3.750000000000000000e+02 3.505000000000000000e+02
3.760000000000000000e+02 4.250000000000000000e+02 4.005000000000000000e+02
4.260000000000000000e+02 4.750000000000000000e+02 4.505000000000000000e+02
4.760000000000000000e+02 5.250000000000000000e+02 5.005000000000000000e+02
5.260000000000000000e+02 5.750000000000000000e+02 5.505000000000000000e+02
5.760000000000000000e+02 6.250000000000000000e+02 6.005000000000000000e+02
6.260000000000000000e+02 6.750000000000000000e+02 6.505000000000000000e+02
6.760000000000000000e+02 7.250000000000000000e+02 7.005000000000000000e+02
7.260000000000000000e+02 7.750000000000000000e+02 7.505000000000000000e+02
7.760000000000000000e+02 8.250000000000000000e+02 8.005000000000000000e+02
8.260000000000000000e+02 8.750000000000000000e+02 8.505000000000000000e+02
8.760000000000000000e+02 9.250000000000000000e+02 9.005000000000000000e+02
9.260000000000000000e+02 9.750000000000000000e+02 9.505000000000000000e+02
9.760000000000000000e+02 1.025000000000000000e+03 1.000500000000000000e+03
1.026000000000000000e+03 1.075000000000000000e+03 1.050500000000000000e+03
1.076000000000000000e+03 1.125000000000000000e+03 1.100500000000000000e+03
1.126000000000000000e+03 1.175000000000000000e+03 1.150500000000000000e+03
1.176000000000000000e+03 1.225000000000000000e+03 1.200500000000000000e+03
1.226000000000000000e+03 1.275000000000000000e+03 1.250500000000000000e+03
1.276000000000000000e+03 1.325000000000000000e+03 1.300500000000000000e+03
1.326000000000000000e+03 1.375000000000000000e+03 1.350500000000000000e+03
1.376000000000000000e+03 1.425000000000000000e+03 1.400500000000000000e+03
1.426000000000000000e+03 1.475000000000000000e+03 1.450500000000000000e+03
1.476000000000000000e+03 1.525000000000000000e+03 1.500500000000000000e+03
1.526000000000000000e+03 1.575000000000000000e+03 1.550500000000000000e+03
1.576000000000000000e+03 1.625000000000000000e+03 1.600500000000000000e+03
1.626000000000000000e+03 1.675000000000000000e+03 1.650500000000000000e+03
1.676000000000000000e+03 1.725000000000000000e+03 1.700500000000000000e+03
1.726000000000000000e+03 1.775000000000000000e+03 1.750500000000000000e+03
1.776000000000000000e+03 1.825000000000000000e+03 1.800500000000000000e+03
1.826000000000000000e+03 1.875000000000000000e+03 1.850500000000000000e+03
1.876000000000000000e+03 1.925000000000000000e+03 1.900500000000000000e+03
1.926000000000000000e+03 1.975000000000000000e+03 1.950500000000000000e+03
1.976000000000000000e+03 2.025000000000000000e+03 2.000500000000000000e+03
2.026000000000000000e+03 2.125000000000000000e+03 2.075500000000000000e+03
2.126000000000000000e+03 2.225000000000000000e+03 2.175500000000000000e+03
2.226000000000000000e+03 2.325000000000000000e+03 2.275500000000000000e+03
2.326000000000000000e+03 2.425000000000000000e+03 2.375500000000000000e+03
2.426000000000000000e+03 2.525000000000000000e+03 2.475500000000000000e+03
2.526000000000000000e+03 2.725000000000000000e+03 2.625500000000000000e+03
2.726000000000000000e+03 2.925000000000000000e+03 2.825500000000000000e+03
2.926000000000000000e+03 3.125000000000000000e+03 3.025500000000000000e+03
3.126000000000000000e+03 3.525000000000000000e+03 3.325500000000000000e+03
3.526000000000000000e+03 3.925000000000000000e+03 3.725500000000000000e+03
3.926000000000000000e+03 4.325000000000000000e+03 4.125500000000000000e+03
4.326000000000000000e+03 4.725000000000000000e+03 4.525500000000000000e+03
4.726000000000000000e+03 5.125000000000000000e+03 4.925500000000000000e+03
5.126000000000000000e+03 5.525000000000000000e+03 5.325500000000000000e+03
5.526000000000000000e+03 5.925000000000000000e+03 5.725500000000000000e+03
5.926000000000000000e+03 6.325000000000000000e+03 6.125500000000000000e+03
6.326000000000000000e+03 7.125000000000000000e+03 6.725500000000000000e+03
7.126000000000000000e+03 7.925000000000000000e+03 7.525500000000000000e+03
7.926000000000000000e+03 8.725000000000000000e+03 8.325500000000000000e+03
8.726000000000000000e+03 9.525000000000000000e+03 9.125500000000000000e+03
9.526000000000000000e+03 1.032500000000000000e+04 9.925500000000000000e+03
1.032600000000000000e+04 1.112500000000000000e+04 1.072550000000000000e+04
1.112600000000000000e+04 1.192500000000000000e+04 1.152550000000000000e+04
1.192600000000000000e+04 1.272500000000000000e+04 1.232550000000000000e+04
1.272600000000000000e+04 1.352500000000000000e+04 1.312550000000000000e+04
1.352600000000000000e+04 1.432500000000000000e+04 1.392550000000000000e+04
1.432600000000000000e+04 1.512500000000000000e+04 1.472550000000000000e+04
1.512600000000000000e+04 1.592500000000000000e+04 1.552550000000000000e+04
1.592600000000000000e+04 1.672500000000000000e+04 1.632550000000000000e+04
1.672600000000000000e+04 1.752500000000000000e+04 1.712550000000000000e+04
1.752600000000000000e+04 1.832500000000000000e+04 1.792550000000000000e+04
1.832600000000000000e+04 1.912500000000000000e+04 1.872550000000000000e+04
1.912600000000000000e+04 1.992500000000000000e+04 1.952550000000000000e+04
1.992600000000000000e+04 2.072500000000000000e+04 2.032550000000000000e+04
2.072600000000000000e+04 2.152500000000000000e+04 2.112550000000000000e+04
2.152600000000000000e+04 2.232500000000000000e+04 2.192550000000000000e+04
2.232600000000000000e+04 2.312500000000000000e+04 2.272550000000000000e+04
2.312600000000000000e+04 2.392500000000000000e+04 2.352550000000000000e+04
2.392600000000000000e+04 2.472500000000000000e+04 2.432550000000000000e+04
2.472600000000000000e+04 2.552500000000000000e+04 2.512550000000000000e+04
2.552600000000000000e+04 2.632500000000000000e+04 2.592550000000000000e+04
2.632600000000000000e+04 2.712500000000000000e+04 2.672550000000000000e+04
2.712600000000000000e+04 2.792500000000000000e+04 2.752550000000000000e+04
2.792600000000000000e+04 2.872500000000000000e+04 2.832550000000000000e+04
2.872600000000000000e+04 2.952500000000000000e+04 2.912550000000000000e+04
2.952600000000000000e+04 3.032500000000000000e+04 2.992550000000000000e+04
3.032600000000000000e+04 3.112500000000000000e+04 3.072550000000000000e+04
3.112600000000000000e+04 3.192500000000000000e+04 3.152550000000000000e+04
3.192600000000000000e+04 3.272500000000000000e+04 3.232550000000000000e+04
3.272600000000000000e+04 3.352500000000000000e+04 3.312550000000000000e+04
3.352600000000000000e+04 3.432500000000000000e+04 3.392550000000000000e+04
3.432600000000000000e+04 3.512500000000000000e+04 3.472550000000000000e+04
3.512600000000000000e+04 3.592500000000000000e+04 3.552550000000000000e+04
3.592600000000000000e+04 3.672500000000000000e+04 3.632550000000000000e+04
3.672600000000000000e+04 3.752500000000000000e+04 3.712550000000000000e+04
3.752600000000000000e+04 3.832500000000000000e+04 3.792550000000000000e+04
3.832600000000000000e+04 3.912500000000000000e+04 3.872550000000000000e+04
3.912600000000000000e+04 3.992500000000000000e+04 3.952550000000000000e+04
3.992600000000000000e+04 4.072500000000000000e+04 4.032550000000000000e+04
4.072600000000000000e+04 4.152500000000000000e+04 4.112550000000000000e+04
4.152600000000000000e+04 4.232500000000000000e+04 4.192550000000000000e+04
